"Date","10","20","30","40","50","60","70","80","90"
"2023-05-02","10","11","12","12","13","13","14","15","15"
"2023-05-03","9","10","11","12","13","14","14","15","16"
"2023-05-04","8","10","11","12","13","14","14","16","17"
"2023-05-05","8","9","10","12","13","14","15","16","18"
"2023-05-06","7","9","10","11","13","14","15","16","18"
"2023-05-07","6","8","10","11","12","14","15","17","19"
"2023-05-08","6","8","10","11","12","14","15","17","19"
"2023-05-09","5","7","9","11","12","14","15","17","20"
"2023-05-10","4","7","9","11","12","14","15","17","20"
"2023-05-11","4","7","9","10","12","14","16","18","20"
"2023-05-12","3","6","9","10","12","14","16","18","21"
"2023-05-13","3","6","8","10","12","14","16","18","21"
"2023-05-14","3","6","8","10","12","14","16","18","21"
"2023-05-15","2","5","8","10","12","14","16","18","21"
"2023-05-16","2","5","8","10","12","14","16","18","22"
"2023-05-17","1","5","7","10","12","14","16","18","22"
"2023-05-18","1","5","7","9","12","14","16","18","22"
"2023-05-19","0","4","7","9","12","14","16","18","22"
"2023-05-20","0","4","7","9","11","14","16","19","22"
"2023-05-21","0","4","7","9","11","14","16","19","23"
"2023-05-22","0","3","6","9","11","14","16","19","23"
"2023-05-23","0","3","6","9","11","14","16","19","23"
"2023-05-24","0","3","6","9","11","14","16","19","23"
"2023-05-25","0","3","6","9","11","13","16","19","23"
"2023-05-26","0","3","6","8","11","13","16","19","24"
"2023-05-27","0","2","5","8","11","13","16","19","24"
"2023-05-28","0","2","5","8","11","13","16","19","24"
"2023-05-29","0","2","5","8","11","13","16","20","24"
